2652113
2642682
2882756
3017966
3062973
3168859
3300200
3252462
3123215
3099992
3170154
2962630
2693096
2779465
2789511
2813854
2623194
2190308
2219110
1918265
1845208
2653763
2126720
2314250
2243791
2491942
2089034
2035130
1859102
2161534
2107655
1479717
1249278
565637
1206776
1648587
1525311
1439834
1026217
1034819
1015378
1351705
1299163
1653007
1642705
1674993
1043409
977226
635891
641361
751647
979551
609802
673057
809770
858255
979904
670629
720118
875800
748183
763658
1024826
894415
1165944
1143139
1237792
1364039
1342970
1036386
640110
508247
590972
545159
534878
726663
951640
895020
699370
692604
707525
594112
974688
1086422
1463624
1485166
1143740
1159168
885063
622610
